0 0.56328125 0.1109375 0.1046875 0.1234375
0 0.35 0.08125 0.121875 0.1390625
0 0.21171875 0.14921875 0.1203125 0.134375
0 0.8625 0.084375 0.146875 0.1109375
0 0.4234375 0.12421875 0.0828125 0.11875
0 0.73125 0.1171875 0.040625 0.0484375
4 0.72109375 0.1984375 0.0578125 0.0953125
0 0.478125 0.09609375 0.0296875 0.0375
4 0.53828125 0.44375 0.196875 0.3875
4 0.1453125 0.46953125 0.1328125 0.3890625
4 0.396875 0.4265625 0.134375 0.3515625
4 0.80078125 0.57578125 0.3109375 0.68125
3 0.75078125 0.50625 0.4984375 0.9875
3 0.515625 0.5 0.328125 1
3 0.7109375 0.21328125 0.115625 0.278125
3 0.475 0.14921875 0.0640625 0.184375
3 0.284375 0.49375 0.359375 0.9875
3 0.37734375 0.5203125 0.2078125 0.940625
2 0.46953125 0.1515625 0.0296875 0.0625