4 0.084375 0.6890625 0.125 0.15234375
0 0.6328125 0.31484375 0.1015625 0.11484375
0 0.34296875 0.2265625 0.13359375 0.19765625
0 0.478125 0.25390625 0.06640625 0.07265625
4 0.4515625 0.45390625 0.1 0.24765625
0 0.73515625 0.27265625 0.08359375 0.1203125
4 0.7796875 0.4875 0.13671875 0.2703125
4 0.2671875 0.5984375 0.24140625 0.4578125
4 0.56796875 0.6140625 0.2265625 0.42265625
0 0.0671875 0.6109375 0.04140625 0.02265625
3 0.7796875 0.56484375 0.20625 0.86484375
3 0.64375 0.61015625 0.33046875 0.76796875
3 0.46328125 0.51484375 0.11640625 0.66796875
3 0.27890625 0.5453125 0.41484375 0.896875
3 0.08046875 0.70546875 0.1609375 0.33671875