4 0.88984375 0.73828125 0.1421875 0.1671875
0 0.390625 0.3 0.1140625 0.1265625
0 0.6890625 0.24765625 0.15625 0.2125
0 0.5515625 0.25859375 0.075 0.0796875
4 0.55390625 0.46015625 0.1296875 0.2578125
0 0.29453125 0.2453125 0.096875 0.1296875
4 0.22421875 0.453125 0.16875 0.284375
4 0.71875 0.62578125 0.2953125 0.484375
4 0.41875 0.6046875 0.2765625 0.446875
0 0.91640625 0.6625 0.04375 0.028125
3 0.21484375 0.53046875 0.309375 0.8828125
3 0.34375 0.5921875 0.421875 0.803125
3 0.534375 0.51953125 0.196875 0.6765625
3 0.71328125 0.55078125 0.5203125 0.8984375
3 0.89140625 0.7546875 0.2 0.353125