4 0.09453125 0.7109375 0.1328125 0.159375
0 0.62265625 0.3078125 0.1078125 0.1203125
0 0.32890625 0.23515625 0.14375 0.2046875
0 0.465625 0.25546875 0.0703125 0.0765625
4 0.44921875 0.45625 0.1125 0.253125
0 0.72265625 0.2609375 0.0890625 0.125
4 0.77890625 0.47265625 0.15 0.2765625
4 0.27265625 0.61015625 0.265625 0.4703125
4 0.57421875 0.61015625 0.2484375 0.434375
0 0.0734375 0.63359375 0.0421875 0.025
3 0.7828125 0.55 0.2515625 0.875
3 0.64921875 0.60234375 0.3703125 0.784375
3 0.4640625 0.51640625 0.1515625 0.6734375
3 0.28046875 0.54921875 0.4609375 0.9015625
3 0.0921875 0.72734375 0.178125 0.3453125