0 0.7515625 0.44296875 0.0453125 0.0484375
0 0.65859375 0.44765625 0.06171875 0.0765625
0 0.57265625 0.4734375 0.0390625 0.06484375
0 0.5203125 0.4515625 0.0390625 0.0484375
0 0.409375 0.4546875 0.040625 0.05078125
0 0.30234375 0.4515625 0.06875 0.04453125
4 0.75 0.5765625 0.0640625 0.1578125
4 0.62265625 0.59765625 0.078125 0.1921875
4 0.53046875 0.5765625 0.084375 0.15
4 0.4078125 0.58203125 0.09375 0.14765625
4 0.30625 0.60390625 0.09296875 0.16796875
3 0.7453125 0.63671875 0.0875 0.47578125
3 0.64296875 0.678125 0.11015625 0.54609375
3 0.53984375 0.70859375 0.1046875 0.5265625
3 0.41640625 0.675 0.09765625 0.5
3 0.30078125 0.69453125 0.1234375 0.53828125
3 0.51328125 0.45859375 0.07109375 0.08671875