0 0.2484375 0.44296875 0.0453125 0.0484375
0 0.34140625 0.44765625 0.0625 0.0765625
0 0.42734375 0.4734375 0.0390625 0.065625
0 0.4796875 0.4515625 0.0390625 0.0484375
0 0.590625 0.4546875 0.040625 0.05
0 0.69765625 0.4515625 0.06875 0.04375
4 0.25 0.5765625 0.0640625 0.1578125
4 0.37734375 0.59765625 0.078125 0.1921875
4 0.46953125 0.5765625 0.084375 0.15
4 0.5921875 0.58203125 0.09375 0.146875
4 0.69375 0.60390625 0.09375 0.16875
3 0.2546875 0.63671875 0.0875 0.475
3 0.35703125 0.678125 0.109375 0.546875
3 0.46015625 0.70859375 0.1046875 0.5265625
3 0.58359375 0.675 0.096875 0.5
3 0.69921875 0.69453125 0.1234375 0.5375
3 0.48671875 0.45859375 0.071875 0.0875