0 0.1828125 0.22890625 0.1125 0.11875
4 0.5671875 0.4234375 0.26015625 0.27890625
0 0.77734375 0.34765625 0.11484375 0.1296875
4 0.33359375 0.50703125 0.2890625 0.28125
4 0.88203125 0.5890625 0.23359375 0.3171875
3 0.16015625 0.57578125 0.23046875 0.815625
0 0.53984375 0.409375 0.1046875 0.20859375
0 0.73203125 0.3265625 0.0765625 0.13515625
3 0.85859375 0.603125 0.28203125 0.72890625
3 0.5953125 0.60703125 0.34921875 0.7375
3 0.38671875 0.65 0.4265625 0.69921875
4 0.178125 0.553125 0.18046875 0.43671875