0 0.96796875 0.4921875 0.0640625 0.071875
0 0.7328125 0.44609375 0.0796875 0.0734375
0 0.5203125 0.36953125 0.059375 0.0640625
3 0.88671875 0.69765625 0.2265625 0.5328125
4 0.14296875 0.4984375 0.1109375 0.175
0 0.38359375 0.36796875 0.05 0.0625
0 0.15078125 0.375 0.04375 0.05625
4 0.6703125 0.6171875 0.1546875 0.246875
4 0.3734375 0.5125 0.125 0.2046875
0 0.22734375 0.453125 0.0203125 0.03125
4 0.51328125 0.5375 0.1328125 0.234375
2 0.225 0.50625 0.0578125 0.1421875
4 0.89765625 0.6421875 0.1921875 0.2578125
3 0.6671875 0.67421875 0.240625 0.596875
3 0.50859375 0.5890625 0.246875 0.5734375
3 0.33828125 0.559375 0.2515625 0.5390625
3 0.13046875 0.54375 0.1703125 0.421875
3 0.21796875 0.5078125 0.096875 0.2015625