0 0.96484375 0.4265625 0.06015625 0.06484375
0 0.72265625 0.4140625 0.071875 0.06484375
0 0.50234375 0.36796875 0.0515625 0.05703125
3 0.915625 0.64140625 0.16796875 0.5140625
4 0.14609375 0.5484375 0.08828125 0.16484375
0 0.36640625 0.38515625 0.04296875 0.05703125
0 0.13671875 0.425 0.03671875 0.05234375
4 0.68515625 0.5921875 0.1234375 0.23203125
4 0.3765625 0.5296875 0.1 0.1921875
0 0.2234375 0.49140625 0.01640625 0.0296875
4 0.51796875 0.53515625 0.103125 0.221875
2 0.22890625 0.54453125 0.03828125 0.1375
4 0.91328125 0.58515625 0.16015625 0.2375
3 0.68984375 0.64921875 0.1609375 0.5796875
3 0.52109375 0.58671875 0.171875 0.5546875
3 0.3484375 0.58125 0.18125 0.51953125
3 0.13984375 0.59453125 0.11484375 0.409375
3 0.221875 0.546875 0.0703125 0.19375