0 0.16328125 0.36171875 0.15625 0.175
0 0.24765625 0.43203125 0.1328125 0.16875
0 0.33671875 0.35390625 0.134375 0.1421875
0 0.44296875 0.353125 0.13125 0.1578125
0 0.58984375 0.30703125 0.115625 0.1453125
0 0.73046875 0.24296875 0.1171875 0.1359375
0 0.83984375 0.2671875 0.15 0.134375
4 0.2125 0.76640625 0.234375 0.4671875
4 0.30625 0.7484375 0.203125 0.440625
4 0.4015625 0.671875 0.1984375 0.4140625
4 0.50546875 0.64140625 0.21875 0.403125
4 0.68203125 0.63046875 0.2578125 0.45
2 0.8890625 0.61953125 0.221875 0.4828125
2 0.80546875 0.56875 0.2140625 0.4171875
3 0.20234375 0.6359375 0.3640625 0.728125
3 0.29609375 0.65703125 0.2484375 0.5765625
3 0.38125 0.6 0.259375 0.6421875
3 0.49140625 0.565625 0.2453125 0.578125
3 0.64921875 0.53359375 0.2734375 0.60625
3 0.79375 0.546875 0.30625 0.75625
3 0.86640625 0.55625 0.2671875 0.73125