0 0.796875 0.28984375 0.125 0.15
0 0.73046875 0.37734375 0.1015625 0.15
0 0.6265625 0.32109375 0.109375 0.1203125
0 0.52265625 0.34375 0.10234375 0.13828125
0 0.36875 0.33203125 0.08828125 0.12890625
0 0.21796875 0.3015625 0.09375 0.11796875
0 0.11640625 0.35 0.128125 0.10859375
4 0.840625 0.7015625 0.13359375 0.46171875
4 0.74453125 0.6984375 0.11015625 0.42734375
4 0.634375 0.6453125 0.11171875 0.39921875
4 0.5265625 0.6390625 0.1359375 0.3828125
4 0.35234375 0.66796875 0.1671875 0.42265625
2 0.13203125 0.7078125 0.1546875 0.459375
2 0.21796875 0.6359375 0.12734375 0.39921875
3 0.82734375 0.5953125 0.1984375 0.76171875
3 0.734375 0.60703125 0.125 0.56328125
3 0.63828125 0.57109375 0.12109375 0.63046875
3 0.5234375 0.56171875 0.121875 0.565625
3 0.3625 0.56640625 0.1453125 0.58828125
3 0.22421875 0.61171875 0.14296875 0.74296875
3 0.13203125 0.64296875 0.15859375 0.71328125