0 0.65625 0.35625 0.0671875 0.05625
0 0.69765625 0.28359375 0.05625 0.05625
0 0.590625 0.43046875 0.02109375 0.028125
0 0.534375 0.484375 0.03203125 0.0703125
0 0.4953125 0.4109375 0.0640625 0.0640625
0 0.38984375 0.3921875 0.04140625 0.06875
0 0.2484375 0.4078125 0.06640625 0.0671875
0 0.21640625 0.4 0.03671875 0.05546875
0 0.29453125 0.44453125 0.01875 0.02578125
0 0.3546875 0.52890625 0.03359375 0.09140625
0 0.425 0.38984375 0.00703125 0.009375
4 0.66875 0.546875 0.09140625 0.23515625
4 0.453125 0.55625 0.0953125 0.21875
4 0.3921875 0.48046875 0.06953125 0.12265625
4 0.59609375 0.51796875 0.0359375 0.10234375
4 0.509375 0.5203125 0.02578125 0.11328125
4 0.3140625 0.57265625 0.084375 0.1671875
4 0.28828125 0.48359375 0.04140625 0.02890625
4 0.22578125 0.59140625 0.09296875 0.2234375
4 0.2125 0.45625 0.025 0.03046875
4 0.7234375 0.43984375 0.09453125 0.19140625
3 0.6625 0.6125 0.1140625 0.60234375
3 0.7640625 0.45546875 0.18828125 0.4
3 0.709375 0.11328125 0.08671875 0.2234375
3 0.425 0.40625 0.02421875 0.07109375
4 0.42421875 0.40703125 0.009375 0.0203125
3 0.59765625 0.553125 0.046875 0.29140625
3 0.534375 0.54140625 0.07734375 0.19296875
3 0.4703125 0.65234375 0.11015625 0.565625
3 0.39765625 0.49765625 0.0640625 0.27109375
3 0.32734375 0.6265625 0.1015625 0.30703125
3 0.290625 0.490625 0.03046875 0.1015625
3 0.2359375 0.6453125 0.1046875 0.54609375
3 0.21015625 0.440625 0.03671875 0.10390625