0 0.3625 0.33828125 0.0734375 0.0640625
0 0.33046875 0.2609375 0.0625 0.0625
0 0.41875 0.4203125 0.025 0.03125
0 0.46796875 0.48046875 0.040625 0.0734375
0 0.515625 0.4125 0.071875 0.071875
0 0.62265625 0.40625 0.05 0.0734375
0 0.7609375 0.4390625 0.0734375 0.075
0 0.79375 0.43515625 0.04375 0.059375
0 0.7109375 0.4703125 0.021875 0.028125
0 0.640625 0.54609375 0.04375 0.0953125
0 0.5875 0.4 0.0078125 0.0109375
4 0.3265625 0.52578125 0.11875 0.2453125
4 0.53984375 0.56171875 0.121875 0.228125
4 0.609375 0.49375 0.084375 0.1296875
4 0.40234375 0.50625 0.0484375 0.10625
4 0.48828125 0.51875 0.0390625 0.115625
4 0.67578125 0.59453125 0.1046875 0.1765625
4 0.7125 0.509375 0.0453125 0.034375
4 0.7609375 0.62421875 0.11875 0.2328125
4 0.790625 0.49140625 0.028125 0.0328125
4 0.2859375 0.41328125 0.1171875 0.2015625
3 0.325 0.5921875 0.1859375 0.6125
3 0.24296875 0.4234375 0.2359375 0.4203125
3 0.33828125 0.103125 0.1140625 0.20625
3 0.5859375 0.41640625 0.0328125 0.0734375
4 0.58671875 0.4171875 0.0125 0.021875
3 0.396875 0.540625 0.0828125 0.2953125
3 0.4609375 0.53671875 0.1 0.2015625
3 0.5109375 0.6546875 0.178125 0.575
3 0.6015625 0.51015625 0.096875 0.2765625
3 0.65625 0.646875 0.1375 0.3171875
3 0.70859375 0.51640625 0.0421875 0.1046875
3 0.74453125 0.6765625 0.1703125 0.5546875
3 0.79453125 0.4765625 0.0484375 0.1078125